5
6
7
9
42
152
16
40
27
157
383
457
502
555
14
785
868
988
1106
1130
1231
1262
1266
1268
1498
1531
1599
1604
1812
1890
2204
2318
417
2341
2409
2447
2456
2485
2509
2527
2646
2394
2733
2734
2817
2835
2871
2875
2823
2965
2984
3086
3112
2809
3122
3144
2856
3251
3291
3293
1864
3145
1506
2963
3312
3321
3373
3381
3398
3403
3408
3446
3451
3452
3466
3471
3475
3478
3479
3482
3486
3489
3488
3205
3493
3496
3497
3498
3500
3394
3096
3505
3506
3502
3501
3503
3504
3421
3507
3508
3509
3510
3511
3512
3513
3514
3515
3518
3516
3517
3520
3521
3522
3523
1294
3524
3525
3526
3527
3528
3529
3531
3532
3533
3302
3535
3534
3536
3537
3538
3539
3540
3541
3542
3543
3544
3545
3546
3547
3548
3549
3550
3551
3552
3553
3554
3555
3556
3557
3558
3559
3560
3561
3562
3563
3564
3566
3567
3568
3569
3570
3571
3572
3573
3574
3576
3257
3577
3578
3579
3580
3581
3582
3583
3584
3585
3587
3588
3589
3590
3591
3592
3593
3594
3595
3596
3597
3598
3599
3600
3601
3304
3602
3603
3604
3605
3266
1920
3607
3608
3609
3610
3613
3611
3612
3614
3618
3615
3616
3402
3617
3620
3621
3622
3624
3625
3626
3627
3272
905
3628
3629
3630
3631
3632
3633
3635
3636
3637
3638
3639
3640
3641
3642
3643
3644
3645
3646
3647
3648
2855
3649
3650
3651
2378
3652
3653
3654
3287
3655
3656
3657
3658
3659
3660
3661
3662
3663
3664
3665
2386
3666
3667
3668
3669
3670
3671
3672
3673
3674
3675
3279
3676
3477
3677
3678
3679
3680
3681
3682
3683
3684
3410
3685
3686
